4294967278,95
0,5
4294967294,7
4294967294,17
4294967294,67
4294967294,41
4294967278,295
4294967294,5
4294967294,91
4294967294,88
4294967294,85
4294967294,83
4294967294,924
4294967294,29
4294967294,28
4294967294,923
4294967294,27
4294967294,25
4294967294,26
4294967294,52
4294967294,45
4294967279,291
4294967294,36
4294967294,39
4294967279,152
4294967278,571
4294967294,93
4294967294,95
4294967278,150
4294967294,430
4294967279,150
4294967279,349
4294967278,149
4294967279,149
4294967278,147
4294967278,144
4294967278,146
75,5
75,4
4294967278,145
75,3
75,2
75,1
4294967278,304
4294967278,141
4294967279,301
4294967278,303
4294967278,302
74,5
4294967278,140
4294967279,140
4294967278,139
74,4
4294967279,139
74,3
74,2
74,1
4294967278,138
4294967278,276
4294967278,136
73,2
73,1
4294967279,337
4294967278,135
4294967278,288
4294967279,272
4294967279,134
4294967278,274
4294967278,275
4294967279,286
4294967279,271
4294967278,299
4294967279,280
4294967294,967
4294967294,911
4294967294,901
4294967294,918
4294967293,131
4294967293,130
4294967293,129
4294967293,128
4294967293,127
4294967293,126
4294967293,125
4294967293,124
4294967293,123
4294967293,122
4294967293,121
4294967293,120
4294967293,119
4294967293,118
4294967293,117
4294967293,116
4294967293,115
4294967293,114
4294967293,113
4294967293,112
4294967293,111
4294967293,110
4294967293,109
4294967293,108
4294967293,107
4294967293,106
4294967293,105
4294967293,104
4294967293,103
4294967293,102
4294967293,101
4294967293,100
4294967293,99
4294967293,98
4294967293,97
4294967293,96
4294967293,95
4294967293,94
4294967293,93
4294967293,92
4294967293,91
4294967293,90
4294967293,89
4294967293,87
4294967293,86
4294967293,85
4294967293,84
4294967293,83
4294967293,82
4294967293,81
4294967293,80
4294967293,79
4294967293,78
4294967293,77
4294967293,76
4294967293,75
4294967293,74
4294967293,73
4294967293,72
4294967293,71
4294967293,70
4294967293,69
4294967293,68
4294967293,67
4294967293,66
4294967293,65
4294967293,64
4294967293,63
4294967293,62
4294967293,61
4294967293,60
4294967293,59
4294967293,58
4294967293,57
4294967293,56
4294967293,55
4294967293,54
4294967293,53
4294967293,52
4294967293,51
4294967293,50
4294967293,49
4294967293,48
4294967293,47
4294967293,46
4294967293,45
4294967293,44
4294967293,43
4294967293,42
4294967293,41
4294967293,40
4294967293,39
4294967293,38
4294967293,37
4294967293,36
4294967293,35
4294967293,34
4294967293,33
4294967293,32
4294967293,31
4294967293,30
4294967293,29
4294967293,28
4294967293,27
4294967293,26
4294967293,25
4294967293,24
4294967293,23
4294967293,22
4294967293,21
4294967293,20
4294967293,19
4294967293,18
4294967293,17
4294967293,16
4294967293,15
4294967293,14
4294967293,13
4294967293,12
4294967293,11
4294967293,10
4294967293,9
4294967293,8
4294967293,7
4294967293,6
4294967293,5
4294967293,4
4294967293,3
4294967279,75
4294967279,74
4294967279,73
4294967279,72
4294967279,71
4294967279,70
4294967279,69
4294967279,68
4294967278,271
4294967278,268
4294967278,284
4294967279,380
4294967278,267
4294967279,267
4294967278,266
4294967278,281
4294967279,284
4294967278,265
4294967279,265
4294967279,294
4294967278,279
72,5
4294967278,263
72,4
72,2
72,1
4294967279,261
4294967278,262
4294967278,259
4294967278,570
4294967279,379
4294967279,257
4294967278,258
71,5
4294967278,531
4294967279,255
71,4
71,3
71,2
71,1
4294967278,569
4294967279,336
4294967279,335
4294967278,527
70,4
70,2
70,1
4294967278,526
4294967279,253
4294967294,396
4294967294,409
4294967294,189
4294967294,456
4294967278,255
4294967279,332
4294967279,378
4294967278,522
4294967279,377
4294967278,253
4294967279,97
4294967279,96
4294967279,95
4294967279,94
4294967279,93
4294967279,92
4294967279,91
4294967279,90
4294967279,89
4294967279,87
4294967279,86
4294967279,85
4294967279,84
4294967279,83
4294967279,82
4294967279,81
4294967279,80
4294967279,79
4294967279,78
4294967279,77
4294967279,76
4294967279,248
4294967279,331
4294967279,246
4294967279,244
4294967279,245
4294967278,242
4294967279,242
4294967278,240
4294967278,238
4294967279,238
69,5
4294967279,237
69,4
69,2
69,1
4294967278,235
4294967279,236
4294967279,232
4294967279,233
4294967278,231
4294967278,229
4294967279,230
68,5
4294967279,226
4294967278,224
68,4
4294967279,224
68,3
68,2
68,1
4294967279,223
4294967278,222
4294967279,222
4294967279,220
67,4
4294967279,218
67,2
67,1
4294967279,217
4294967279,216
4294967278,215
4294967279,101
4294967279,328
4294967279,214
4294967279,215
4294967278,518
4294967278,519
4294967279,99
4294967279,326
4294967279,212
4294967279,100
4294967279,327
4294967278,516
4294967279,98
4294967279,211
4294967279,119
4294967279,118
4294967279,117
4294967279,116
4294967279,115
